1.902400000000000000e+04
1.789433333333333212e+04
1.692866666666666788e+04
1.606500000000000000e+04
1.564500000000000000e+04
1.553700000000000000e+04
1.544100000000000000e+04
1.536766666666666606e+04
1.540366666666666606e+04
1.539000000000000000e+04
1.538533333333333394e+04
1.539733333333333394e+04
1.540133333333333394e+04
1.547666666666666606e+04
1.554866666666666606e+04
1.571766666666666606e+04
1.580300000000000000e+04
1.582500000000000000e+04
1.593533333333333394e+04
1.603100000000000000e+04
1.611066666666666606e+04
1.624966666666666606e+04
1.635033333333333394e+04
1.649233333333333212e+04
1.656900000000000000e+04
1.666400000000000000e+04
1.674100000000000000e+04
1.682400000000000000e+04
1.689866666666666788e+04
1.698800000000000000e+04
1.703966666666666788e+04
1.716666666666666788e+04
1.727833333333333212e+04
1.743100000000000000e+04
1.760400000000000000e+04
1.783500000000000000e+04
1.812966666666666788e+04
1.836666666666666788e+04
1.864166666666666788e+04
1.898900000000000000e+04
1.932800000000000000e+04
1.967500000000000000e+04
2.010000000000000000e+04
2.046333333333333212e+04
2.085800000000000000e+04
2.131666666666666788e+04
2.174466666666666788e+04
2.216400000000000000e+04
2.260366666666666788e+04
2.300000000000000000e+04
2.342633333333333212e+04
2.386166666666666788e+04
2.428333333333333212e+04
2.473600000000000000e+04
2.519366666666666788e+04
2.565300000000000000e+04
2.601866666666666788e+04
2.626633333333333212e+04
2.636733333333333212e+04
2.649366666666666788e+04
2.668766666666666788e+04
2.695833333333333212e+04
2.729333333333333212e+04
2.761466666666666788e+04
2.800500000000000000e+04
2.836100000000000000e+04
2.865033333333333212e+04
2.895466666666666788e+04
2.938166666666666788e+04
2.985100000000000000e+04
3.025933333333333212e+04
3.071766666666666788e+04
3.116700000000000000e+04
3.163500000000000000e+04
3.203833333333333212e+04
3.240333333333333212e+04
3.281966666666666424e+04
3.322033333333333576e+04
3.374866666666666424e+04
3.431333333333333576e+04
3.483166666666666424e+04
3.531333333333333576e+04
3.579800000000000000e+04
3.631600000000000000e+04
3.682633333333333576e+04
3.734000000000000000e+04
3.785033333333333576e+04
3.848600000000000000e+04
3.910800000000000000e+04
3.961466666666666424e+04
4.010800000000000000e+04
4.055633333333333576e+04
4.102433333333333576e+04
4.136066666666666424e+04
4.161166666666666424e+04
4.190766666666666424e+04
4.220600000000000000e+04
4.242833333333333576e+04
4.247100000000000000e+04
4.255833333333333576e+04
4.265533333333333576e+04
4.265200000000000000e+04
4.268900000000000000e+04
4.268400000000000000e+04
4.267300000000000000e+04
4.267066666666666424e+04
4.265300000000000000e+04
4.267900000000000000e+04
4.275466666666666424e+04
4.284833333333333576e+04
4.278233333333333576e+04
4.274266666666666424e+04
4.257200000000000000e+04
4.231000000000000000e+04
4.187866666666666424e+04
4.133966666666666424e+04
4.079733333333333576e+04
4.024666666666666424e+04
3.959366666666666424e+04
3.902933333333333576e+04
3.862266666666666424e+04
3.824133333333333576e+04
3.801900000000000000e+04
3.815033333333333576e+04
3.853966666666666424e+04
3.889733333333333576e+04
3.892033333333333576e+04
3.913300000000000000e+04
3.916466666666666424e+04
3.910200000000000000e+04
3.907866666666666424e+04
3.903566666666666424e+04
3.893366666666666424e+04
3.885533333333333576e+04
3.882766666666666424e+04
3.889300000000000000e+04
3.881766666666666424e+04
3.834233333333333576e+04
3.736866666666666424e+04
3.663100000000000000e+04
3.643033333333333576e+04
3.623966666666666424e+04
3.609133333333333576e+04
3.607966666666666424e+04
3.605700000000000000e+04
3.632100000000000000e+04
3.682833333333333576e+04
3.760166666666666424e+04
3.862300000000000000e+04
3.956233333333333576e+04
4.021400000000000000e+04
4.091466666666666424e+04
4.160700000000000000e+04
4.230200000000000000e+04
4.280833333333333576e+04
4.317966666666666424e+04
4.315633333333333576e+04
4.274300000000000000e+04
4.293366666666666424e+04
4.371033333333333576e+04
4.434000000000000000e+04
4.413666666666666424e+04
4.407633333333333576e+04
4.418333333333333576e+04
4.428700000000000000e+04
4.431133333333333576e+04
4.457600000000000000e+04
4.467900000000000000e+04
4.465266666666666424e+04
4.474933333333333576e+04
4.479900000000000000e+04
4.504500000000000000e+04
4.517000000000000000e+04
4.509700000000000000e+04
4.498833333333333576e+04
4.463100000000000000e+04
4.394600000000000000e+04
4.347266666666666424e+04
4.319400000000000000e+04
4.327466666666666424e+04
4.386533333333333576e+04
4.451266666666666424e+04
4.478300000000000000e+04
4.490733333333333576e+04
4.463533333333333576e+04
4.424866666666666424e+04
4.377033333333333576e+04
4.460266666666666424e+04
4.525100000000000000e+04
4.485666666666666424e+04
4.448066666666666424e+04
4.439966666666666424e+04
4.445333333333333576e+04
4.414100000000000000e+04
4.339300000000000000e+04
4.301166666666666424e+04
4.271333333333333576e+04
4.239000000000000000e+04
4.244533333333333576e+04
4.204066666666666424e+04
4.099633333333333576e+04
4.040000000000000000e+04
4.036433333333333576e+04
4.028566666666666424e+04
4.013333333333333576e+04
4.002666666666666424e+04
4.008433333333333576e+04
4.115100000000000000e+04
4.208400000000000000e+04
4.300866666666666424e+04
4.388333333333333576e+04
4.458433333333333576e+04
4.436466666666666424e+04
4.384633333333333576e+04
4.350300000000000000e+04
4.383066666666666424e+04
4.446233333333333576e+04
4.510266666666666424e+04
4.552300000000000000e+04
4.557733333333333576e+04
4.556966666666666424e+04
4.552766666666666424e+04
4.551333333333333576e+04
4.550166666666666424e+04
4.547733333333333576e+04
4.545100000000000000e+04
4.543466666666666424e+04
4.537466666666666424e+04
4.537400000000000000e+04
4.533500000000000000e+04
4.529300000000000000e+04
4.526733333333333576e+04
4.522000000000000000e+04
4.518300000000000000e+04
4.514000000000000000e+04
4.510666666666666424e+04
4.506200000000000000e+04
4.502633333333333576e+04
4.500533333333333576e+04
4.499066666666666424e+04
4.492333333333333576e+04
4.490300000000000000e+04
4.485800000000000000e+04
4.482133333333333576e+04
4.476366666666666424e+04
4.474700000000000000e+04
4.470066666666666424e+04
4.463766666666666424e+04
4.460200000000000000e+04
4.456200000000000000e+04
4.452233333333333576e+04
4.450433333333333576e+04
4.445766666666666424e+04
4.443200000000000000e+04
4.441466666666666424e+04
4.436633333333333576e+04
4.433300000000000000e+04
4.427666666666666424e+04
4.424300000000000000e+04
4.419766666666666424e+04
4.413233333333333576e+04
4.407066666666666424e+04
4.402900000000000000e+04
4.399000000000000000e+04
4.393866666666666424e+04
4.391000000000000000e+04
4.386433333333333576e+04
4.381600000000000000e+04
4.379433333333333576e+04
4.372233333333333576e+04
4.367566666666666424e+04
4.363033333333333576e+04
4.357266666666666424e+04
4.352600000000000000e+04
4.350266666666666424e+04
4.343600000000000000e+04
4.338200000000000000e+04
4.334466666666666424e+04
4.327300000000000000e+04
4.321233333333333576e+04
4.315466666666666424e+04
4.309700000000000000e+04
4.303533333333333576e+04
4.297833333333333576e+04
4.290866666666666424e+04
4.283100000000000000e+04
4.277133333333333576e+04
4.274566666666666424e+04
4.268100000000000000e+04
4.260633333333333576e+04
4.258600000000000000e+04
4.251300000000000000e+04
4.244266666666666424e+04
4.238300000000000000e+04
4.230166666666666424e+04
4.224600000000000000e+04
4.217500000000000000e+04
4.212000000000000000e+04
4.207400000000000000e+04
4.203833333333333576e+04
4.198233333333333576e+04
4.193233333333333576e+04
4.188533333333333576e+04
4.183566666666666424e+04
4.177033333333333576e+04
4.170966666666666424e+04
4.166966666666666424e+04
4.159600000000000000e+04
4.152833333333333576e+04
4.145966666666666424e+04
4.141566666666666424e+04
4.136133333333333576e+04
4.130766666666666424e+04
4.124633333333333576e+04
4.120833333333333576e+04
4.113100000000000000e+04
4.106633333333333576e+04
4.100800000000000000e+04
4.094166666666666424e+04
4.089766666666666424e+04
