2.458233333333333212e+04
2.448733333333333212e+04
2.456900000000000000e+04
2.486400000000000000e+04
2.476600000000000000e+04
2.497700000000000000e+04
2.515100000000000000e+04
2.522400000000000000e+04
2.528566666666666788e+04
2.534000000000000000e+04
2.542733333333333212e+04
2.569800000000000000e+04
2.555566666666666788e+04
2.566233333333333212e+04
2.578500000000000000e+04
2.589233333333333212e+04
2.572233333333333212e+04
2.596033333333333212e+04
2.621933333333333212e+04
2.597733333333333212e+04
2.614633333333333212e+04
2.622133333333333212e+04
2.622866666666666788e+04
2.639200000000000000e+04
2.636733333333333212e+04
2.652500000000000000e+04
2.657733333333333212e+04
2.667466666666666788e+04
2.662400000000000000e+04
2.671733333333333212e+04
2.686833333333333212e+04
2.674966666666666788e+04
2.686333333333333212e+04
2.681833333333333212e+04
2.705266666666666788e+04
2.695800000000000000e+04
2.707966666666666788e+04
2.703200000000000000e+04
2.714766666666666788e+04
2.717800000000000000e+04
2.718566666666666788e+04
2.712433333333333212e+04
2.717100000000000000e+04
2.714300000000000000e+04
2.715100000000000000e+04
2.722566666666666788e+04
2.724200000000000000e+04
2.728033333333333212e+04
2.722766666666666788e+04
2.718733333333333212e+04
2.705966666666666788e+04
2.699133333333333212e+04
2.703200000000000000e+04
2.687333333333333212e+04
2.684233333333333212e+04
2.688066666666666788e+04
2.713966666666666788e+04
2.734600000000000000e+04
2.735533333333333212e+04
2.717666666666666788e+04
2.706466666666666788e+04
2.701066666666666788e+04
2.684833333333333212e+04
2.667466666666666788e+04
2.697066666666666788e+04
2.684166666666666788e+04
2.681266666666666788e+04
2.681166666666666788e+04
2.682033333333333212e+04
2.687433333333333212e+04
2.690966666666666788e+04
2.685900000000000000e+04
2.697866666666666788e+04
2.704133333333333212e+04
2.710233333333333212e+04
2.720966666666666788e+04
2.727500000000000000e+04
2.727133333333333212e+04
2.734700000000000000e+04
2.739000000000000000e+04
2.769233333333333212e+04
2.778300000000000000e+04
2.775666666666666788e+04
2.781800000000000000e+04
2.805866666666666788e+04
2.826800000000000000e+04
2.846800000000000000e+04
2.839866666666666788e+04
2.847033333333333212e+04
2.855400000000000000e+04
2.845366666666666788e+04
2.815766666666666788e+04
2.827833333333333212e+04
2.835900000000000000e+04
2.858433333333333212e+04
2.881666666666666788e+04
2.912800000000000000e+04
2.926000000000000000e+04
2.939033333333333212e+04
2.964066666666666788e+04
2.986300000000000000e+04
3.003033333333333212e+04
3.005800000000000000e+04
3.014233333333333212e+04
3.032600000000000000e+04
3.045133333333333212e+04
3.048933333333333212e+04
3.064100000000000000e+04
3.080400000000000000e+04
3.085966666666666788e+04
3.100300000000000000e+04
3.101400000000000000e+04
3.114133333333333212e+04
3.109233333333333212e+04
3.123966666666666788e+04
3.130066666666666788e+04
3.133500000000000000e+04
3.141566666666666788e+04
3.148100000000000000e+04
3.144666666666666788e+04
3.147633333333333212e+04
3.153333333333333212e+04
3.160666666666666788e+04
3.158800000000000000e+04
3.167266666666666788e+04
3.170133333333333212e+04
3.183766666666666788e+04
3.177533333333333212e+04
3.175733333333333212e+04
3.184000000000000000e+04
3.192866666666666788e+04
3.201333333333333212e+04
3.206966666666666788e+04
3.210400000000000000e+04
3.211433333333333212e+04
3.220166666666666788e+04
3.203500000000000000e+04
3.202200000000000000e+04
3.200766666666666788e+04
3.198500000000000000e+04
3.192500000000000000e+04
3.184666666666666788e+04
3.174833333333333212e+04
3.161566666666666788e+04
3.154366666666666788e+04
3.127033333333333212e+04
3.093900000000000000e+04
3.048533333333333212e+04
3.016833333333333212e+04
3.000966666666666788e+04
2.997133333333333212e+04
3.006166666666666788e+04
3.008966666666666788e+04
3.013566666666666788e+04
3.019433333333333212e+04
3.020466666666666788e+04
3.024233333333333212e+04
3.029000000000000000e+04
3.026033333333333212e+04
3.021533333333333212e+04
3.024166666666666788e+04
3.042066666666666788e+04
3.052400000000000000e+04
3.052433333333333212e+04
3.070900000000000000e+04
3.072033333333333212e+04
3.069200000000000000e+04
3.085733333333333212e+04
3.087166666666666788e+04
3.077933333333333212e+04
3.077700000000000000e+04
3.096633333333333212e+04
3.138466666666666788e+04
3.164233333333333212e+04
3.120366666666666788e+04
3.081866666666666788e+04
3.081033333333333212e+04
3.063266666666666788e+04
3.085866666666666788e+04
3.104333333333333212e+04
3.102233333333333212e+04
3.076633333333333212e+04
3.068233333333333212e+04
3.071033333333333212e+04
3.070433333333333212e+04
3.075933333333333212e+04
3.079766666666666788e+04
3.092200000000000000e+04
3.096100000000000000e+04
3.088133333333333212e+04
3.079733333333333212e+04
3.066300000000000000e+04
3.065066666666666788e+04
3.062933333333333212e+04
3.059566666666666788e+04
3.050566666666666788e+04
3.054100000000000000e+04
3.041700000000000000e+04
3.040833333333333212e+04
3.031633333333333212e+04
3.007800000000000000e+04
3.008733333333333212e+04
3.009033333333333212e+04
2.993333333333333212e+04
2.995000000000000000e+04
3.001566666666666788e+04
3.002666666666666788e+04
2.969366666666666788e+04
2.969666666666666788e+04
2.954066666666666788e+04
2.936066666666666788e+04
2.969633333333333212e+04
2.957166666666666788e+04
2.943766666666666788e+04
2.993500000000000000e+04
3.029966666666666788e+04
3.057966666666666788e+04
3.079466666666666788e+04
3.105600000000000000e+04
3.119366666666666788e+04
3.128366666666666788e+04
3.124833333333333212e+04
3.121033333333333212e+04
3.118900000000000000e+04
3.114866666666666788e+04
3.126900000000000000e+04
3.113233333333333212e+04
3.125900000000000000e+04
3.163633333333333212e+04
3.197500000000000000e+04
3.233166666666666788e+04
3.258533333333333212e+04
3.281733333333333576e+04
3.310233333333333576e+04
3.317800000000000000e+04
3.344700000000000000e+04
3.365000000000000000e+04
3.383233333333333576e+04
3.408733333333333576e+04
3.421200000000000000e+04
3.423666666666666424e+04
3.440566666666666424e+04
3.454066666666666424e+04
3.452366666666666424e+04
3.465733333333333576e+04
3.474600000000000000e+04
3.484033333333333576e+04
3.475900000000000000e+04
3.477033333333333576e+04
3.490966666666666424e+04
3.486100000000000000e+04
3.489733333333333576e+04
3.488133333333333576e+04
3.483566666666666424e+04
3.485233333333333576e+04
3.478366666666666424e+04
3.481700000000000000e+04
3.480466666666666424e+04
3.475433333333333576e+04
3.455066666666666424e+04
3.455533333333333576e+04
3.446966666666666424e+04
3.436466666666666424e+04
3.432400000000000000e+04
3.403133333333333576e+04
3.367700000000000000e+04
3.349200000000000000e+04
3.317366666666666424e+04
3.287633333333333576e+04
3.252300000000000000e+04
3.203133333333333212e+04
3.167233333333333212e+04
3.120933333333333212e+04
3.066466666666666788e+04
3.019500000000000000e+04
2.968566666666666788e+04
2.910700000000000000e+04
2.858166666666666788e+04
2.838366666666666788e+04
2.817933333333333212e+04
2.810333333333333212e+04
2.795633333333333212e+04
2.790066666666666788e+04
2.793400000000000000e+04
2.783033333333333212e+04
2.782933333333333212e+04
2.778266666666666788e+04
2.773166666666666788e+04
2.769233333333333212e+04
2.767900000000000000e+04
2.759300000000000000e+04
2.747633333333333212e+04
2.743633333333333212e+04
2.739766666666666788e+04
2.745866666666666788e+04
2.731033333333333212e+04
2.726800000000000000e+04
2.736366666666666788e+04
2.718466666666666788e+04
2.713900000000000000e+04
2.715433333333333212e+04
2.697133333333333212e+04
2.691500000000000000e+04
2.677566666666666788e+04
2.664200000000000000e+04
2.653600000000000000e+04
2.650133333333333212e+04
2.633700000000000000e+04
2.638100000000000000e+04
2.617933333333333212e+04
2.623266666666666788e+04
2.611133333333333212e+04
2.609400000000000000e+04
2.591066666666666788e+04
2.583933333333333212e+04
2.600333333333333212e+04
2.587566666666666788e+04
2.566200000000000000e+04
2.540933333333333212e+04
2.534966666666666788e+04
